
1996	PHI 14	75	53	22	1.0	1	2	0	3	41	14	30	0	9	0	0	0
1997	PHI 15	75	61	14	0.0	0	0	0	3	76	25	64	1	11	0	0	0
1998	PHI 14	55	43	12	1.0	1	1	0	2	39	20	30	0	7	0	0	0
1999	PHI 16	73	52	21	1.5	6	1	0	4	127	32	67	1	24	0	0	0
2000	PHI 13	70	53	17	2.0	1	1	0	4	62	16	32	0	10	0	0	0
2001	PHI 15	68	56	12	1.5	2	2	0	2	15	8	15	0	16	4	0	0
2002	PHI 16	91	62	29	3.0	5	3	0	2	27	14	27	0	11	1	0	0
2003	PHI 7	35	28	7	0.5	0	0	0	1	0	0	0	0	6	1	0	0
2004	PHI 15	69	61	8	3.0	2	1	0	4	40	10	32	0	12	1	0	0
2005	PHI 16	77	66	11	3.5	4	1	0	3	24	8	24	0	22	2	0	0
2006	PHI 16	98	76	22	1.0	5	0	0	4	38	10	38	0	13	4	6	0
2007	PHI 10	37	28	9	0.0	0	0	0	1	1	1	1	0	6	3	7	0
2008	PHI 16	75	64	11	3.0	6	1	0	1	25	25	25	0	6	8	18	0
2009	DEN 16	116	95	21	0.0	1	3	0	2	0	0	0	0	11	7	19	0
2010	DEN 11	66	55	11	2.0	2	0	0	1	-2	-2	-2	0	5	1	1	0
2011	DEN 14	51	38	13	3.0	1	0	0	0	0	0	0	0	6	3	4	0
